Country Code,Male,Female,Total,Year
AFG,8,0,8,1964
ARG,96,6,102,1964
ATG,4,0,4,1964
AUS,203,40,243,1964
AUT,45,11,56,1964
BEL,60,1,61,1964
BGR,56,7,63,1964
BHS,11,0,11,1964
BMU,4,0,4,1964
BOL,1,0,1,1964
BRA,60,1,61,1964
CAN,95,20,115,1964
CHE,65,1,66,1964
CHL,14,0,14,1964
CIV,9,0,9,1964
CMR,14,0,14,1964
COG,2,0,2,1964
COL,20,0,20,1964
CRI,2,0,2,1964
CUB,25,2,27,1964
CZE,95,9,104,1964
DEU,275,62,337,1964
DNK,57,7,64,1964
DOM,1,0,1,1964
DZA,1,0,1,1964
EGY,73,0,73,1964
ESP,48,3,51,1964
ETH,12,0,12,1964
FIN,84,5,89,1964
FRA,118,20,138,1964
GBR,160,44,204,1964
GHA,30,3,33,1964
GRC,18,0,18,1964
GUY,1,0,1,1964
HKG,38,1,39,1964
HRV,72,3,75,1964
HUN,150,32,182,1964
IND,52,1,53,1964
IRL,24,1,25,1964
IRN,58,4,62,1964
IRQ,13,0,13,1964
ISL,3,1,4,1964
ISR,8,2,10,1964
ITA,157,11,168,1964
JAM,17,4,21,1964
JPN,270,58,328,1964
KEN,37,0,37,1964
KOR,128,26,154,1964
LBN,5,0,5,1964
LBR,1,0,1,1964
LIE,2,0,2,1964
LKA,6,0,6,1964
LUX,10,2,12,1964
MAR,20,0,20,1964
MDG,3,0,3,1964
MEX,90,4,94,1964
MLI,2,0,2,1964
MMR,11,0,11,1964
MNG,18,4,22,1964
MYS,57,4,61,1964
NER,1,0,1,1964
NGA,16,2,18,1964
NLD,105,20,125,1964
NOR,24,2,26,1964
NPL,6,0,6,1964
NZL,56,8,64,1964
PAK,41,0,41,1964
PAN,6,4,10,1964
PER,30,1,31,1964
PHL,40,7,47,1964
POL,115,25,140,1964
PRI,30,2,32,1964
PRT,19,1,20,1964
ROU,108,30,138,1964
RUS,254,63,317,1964
SEN,12,0,12,1964
SWE,76,18,94,1964
TCD,2,0,2,1964
THA,47,7,54,1964
TTO,13,0,13,1964
TUN,9,0,9,1964
TUR,23,0,23,1964
TWN,37,3,40,1964
UGA,11,2,13,1964
URY,23,0,23,1964
USA,267,79,346,1964
VEN,15,1,16,1964
VNM,16,0,16,1964
ZMB,11,1,12,1964
ZWE,25,4,29,1964
AFG,5,0,5,1968
ARG,84,5,89,1968
ATG,3,2,5,1968
AUS,104,24,128,1968
AUT,35,8,43,1968
BEL,77,5,82,1968
BGR,102,10,112,1968
BHS,16,0,16,1968
BLZ,7,0,7,1968
BMU,6,0,6,1968
BOL,4,0,4,1968
BRA,73,3,76,1968
BRB,9,0,9,1968
CAF,1,0,1,1968
CAN,111,28,139,1968
CHE,81,4,85,1968
CHL,19,2,21,1968
CIV,10,0,10,1968
CMR,5,0,5,1968
COD,5,0,5,1968
COL,38,5,43,1968
CRI,17,1,18,1968
CUB,101,14,115,1968
CZE,94,27,121,1968
DEU,418,83,501,1968
DNK,64,4,68,1968
DOM,18,0,18,1968
DZA,3,0,3,1968
ECU,14,1,15,1968
EGY,30,0,30,1968
ESP,120,2,122,1968
ETH,18,0,18,1968
FIN,60,6,66,1968
FJI,1,0,1,1968
FRA,169,31,200,1968
GBR,175,50,225,1968
GHA,30,1,31,1968
GIN,15,0,15,1968
GRC,44,0,44,1968
GTM,47,1,48,1968
GUY,5,0,5,1968
HKG,11,0,11,1968
HND,6,0,6,1968
HRV,59,10,69,1968
HUN,135,32,167,1968
IDN,6,0,6,1968
IND,25,0,25,1968
IRL,25,6,31,1968
IRN,14,0,14,1968
IRQ,3,0,3,1968
ISL,6,2,8,1968
ISR,26,3,29,1968
ITA,152,15,167,1968
JAM,20,5,25,1968
JPN,146,25,171,1968
KEN,36,3,39,1968
KOR,41,13,54,1968
KWT,2,0,2,1968
LBN,11,0,11,1968
LBY,1,0,1,1968
LIE,2,0,2,1968
LKA,3,0,3,1968
LUX,3,2,5,1968
MAR,25,0,25,1968
MDG,4,0,4,1968
MEX,233,42,275,1968
MLI,2,0,2,1968
MLT,1,0,1,1968
MMR,4,0,4,1968
MNG,14,4,18,1968
MYS,31,0,31,1968
NER,2,0,2,1968
NGA,31,5,36,1968
NIC,11,0,11,1968
NLD,82,25,107,1968
NOR,38,8,46,1968
NZL,47,5,52,1968
PAK,15,0,15,1968
PAN,16,0,16,1968
PER,16,12,28,1968
PHL,45,4,49,1968
POL,140,37,177,1968
PRI,54,4,58,1968
PRT,19,1,20,1968
PRY,1,0,1,1968
ROU,66,16,82,1968
RUS,246,66,312,1968
SDN,5,0,5,1968
SEN,21,0,21,1968
SGP,4,0,4,1968
SLE,3,0,3,1968
SLV,52,8,60,1968
SMR,4,0,4,1968
SUR,1,0,1,1968
SWE,86,14,100,1968
SYR,2,0,2,1968
TCD,3,0,3,1968
THA,41,0,41,1968
TTO,19,0,19,1968
TUN,7,0,7,1968
TUR,29,0,29,1968
TWN,35,8,43,1968
UGA,11,0,11,1968
URY,21,6,27,1968
USA,274,83,357,1968
VEN,23,0,23,1968
VIR,6,0,6,1968
VNM,7,2,9,1968
ZMB,7,0,7,1968
AFG,8,0,8,1972
ALB,4,1,5,1972
ARG,88,4,92,1972
ATG,2,0,2,1972
AUS,139,29,168,1972
AUT,97,14,111,1972
BEL,82,6,88,1972
BEN,3,0,3,1972
BFA,1,0,1,1972
BGR,106,24,130,1972
BHR,19,1,20,1972
BLZ,1,0,1,1972
BMU,9,0,9,1972
BOL,11,0,11,1972
BRA,78,3,81,1972
BRB,8,5,13,1972
CAN,158,50,208,1972
CHE,122,29,151,1972
CHL,9,2,11,1972
CIV,11,0,11,1972
CMR,19,1,20,1972
COG,6,0,6,1972
COL,55,4,59,1972
CRI,3,0,3,1972
CUB,109,28,137,1972
CZE,145,36,181,1972
DEU,572,149,721,1972
DNK,114,12,126,1972
DOM,5,0,5,1972
DZA,5,0,5,1972
ECU,2,0,2,1972
EGY,23,0,23,1972
ESP,118,5,123,1972
ETH,31,0,31,1972
FIN,89,7,96,1972
FJI,2,0,2,1972
FRA,197,30,227,1972
GAB,1,0,1,1972
GBR,210,74,284,1972
GHA,33,2,35,1972
GRC,58,2,60,1972
GTM,8,0,8,1972
GUY,3,0,3,1972
HKG,10,0,10,1972
HRV,113,13,126,1972
HTI,6,1,7,1972
HUN,187,45,232,1972
IDN,3,3,6,1972
IND,40,1,41,1972
IRL,51,8,59,1972
IRN,48,0,48,1972
ISL,24,1,25,1972
ISR,12,2,14,1972
ITA,197,27,224,1972
JAM,21,12,33,1972
JPN,148,36,184,1972
KEN,55,2,57,1972
KOR,32,10,42,1972
KWT,4,0,4,1972
LBN,17,2,19,1972
LBR,5,0,5,1972
LIE,6,0,6,1972
LKA,4,0,4,1972
LSO,1,0,1,1972
LUX,10,1,11,1972
MAR,33,2,35,1972
MDG,11,0,11,1972
MEX,152,22,174,1972
MLI,3,0,3,1972
MLT,5,0,5,1972
MMR,18,0,18,1972
MNG,42,2,44,1972
MWI,13,3,16,1972
MYS,42,3,45,1972
NER,4,0,4,1972
NGA,20,5,25,1972
NIC,7,1,8,1972
NLD,90,29,119,1972
NOR,101,11,112,1972
NPL,2,0,2,1972
NZL,82,7,89,1972
PAK,25,0,25,1972
PAN,7,0,7,1972
PER,17,3,20,1972
PHL,48,5,53,1972
POL,252,38,290,1972
PRI,53,0,53,1972
PRK,23,14,37,1972
PRT,29,0,29,1972
PRY,3,0,3,1972
ROU,132,27,159,1972
RUS,298,73,371,1972
SAU,10,0,10,1972
SDN,26,0,26,1972
SEN,38,0,38,1972
SGP,5,2,7,1972
SLV,11,0,11,1972
SMR,7,0,7,1972
SOM,3,0,3,1972
SUR,2,0,2,1972
SWE,104,27,131,1972
SWZ,2,0,2,1972
SYR,4,1,5,1972
TCD,4,0,4,1972
TGO,7,0,7,1972
THA,33,0,33,1972
TTO,18,1,19,1972
TUN,35,0,35,1972
TUR,42,1,43,1972
TWN,15,6,21,1972
TZA,15,0,15,1972
UGA,31,2,33,1972
URY,10,3,13,1972
USA,316,84,400,1972
VEN,20,3,23,1972
VIR,16,0,16,1972
VNM,1,1,2,1972
ZMB,8,3,11,1972
AND,3,0,3,1976
ARG,65,4,69,1976
ATG,14,0,14,1976
AUS,146,34,180,1976
AUT,54,6,60,1976
BEL,75,26,101,1976
BGR,105,53,158,1976
BHS,10,1,11,1976
BLZ,4,0,4,1976
BMU,15,1,16,1976
BOL,4,0,4,1976
BRA,72,7,79,1976
BRB,9,2,11,1976
CAN,261,124,385,1976
CHE,47,3,50,1976
CHL,7,0,7,1976
CIV,7,1,8,1976
CMR,4,0,4,1976
COL,32,3,35,1976
CRI,4,1,5,1976
CUB,132,24,156,1976
CYM,2,0,2,1976
CZE,125,38,163,1976
DEU,387,170,557,1976
DNK,56,10,66,1976
DOM,9,1,10,1976
ECU,5,0,5,1976
EGY,26,0,26,1976
ESP,103,10,113,1976
FIN,77,6,83,1976
FJI,1,1,2,1976
FRA,177,29,206,1976
GBR,176,66,242,1976
GRC,34,2,36,1976
GTM,26,2,28,1976
HKG,23,2,25,1976
HND,3,0,3,1976
HRV,83,5,88,1976
HTI,10,3,13,1976
HUN,124,54,178,1976
IDN,5,2,7,1976
IND,26,0,26,1976
IRL,41,3,44,1976
IRN,80,4,84,1976
ISL,9,4,13,1976
ISR,24,2,26,1976
ITA,183,27,210,1976
JAM,11,9,20,1976
JPN,153,60,213,1976
KOR,38,12,50,1976
KWT,15,0,15,1976
LBN,3,0,3,1976
LIE,4,2,6,1976
LUX,8,0,8,1976
MAR,9,0,9,1976
MCO,8,0,8,1976
MEX,92,5,97,1976
MNG,30,2,32,1976
MYS,23,0,23,1976
NIC,15,0,15,1976
NLD,72,36,108,1976
NOR,60,6,66,1976
NPL,1,0,1,1976
NZL,71,9,80,1976
PAK,24,0,24,1976
PAN,7,1,8,1976
PER,0,13,13,1976
PHL,13,1,14,1976
PNG,6,0,6,1976
POL,180,27,207,1976
PRI,73,7,80,1976
PRK,36,2,38,1976
PRT,19,0,19,1976
PRY,4,0,4,1976
ROU,103,54,157,1976
RUS,285,125,410,1976
SAU,14,0,14,1976
SEN,19,2,21,1976
SGP,3,1,4,1976
SMR,8,2,10,1976
SUR,3,0,3,1976
SWE,99,17,116,1976
THA,39,3,42,1976
TTO,13,0,13,1976
TUN,14,1,15,1976
TUR,26,1,27,1976
URY,7,2,9,1976
USA,278,118,396,1976
VEN,23,9,32,1976
VIR,19,2,21,1976
AFG,11,0,11,1980
AGO,10,1,11,1980
AND,2,0,2,1980
AUS,92,28,120,1980
AUT,64,19,83,1980
BEL,43,16,59,1980
BEN,15,1,16,1980
BGR,183,88,271,1980
BRA,91,15,106,1980
BWA,7,0,7,1980
CHE,67,6,73,1980
CMR,22,3,25,1980
COG,9,14,23,1980
COL,23,0,23,1980
CRI,28,1,29,1980
CUB,175,33,208,1980
CYP,12,2,14,1980
CZE,162,47,209,1980
DEU,222,124,346,1980
DNK,91,8,99,1980
DOM,5,1,6,1980
DZA,54,0,54,1980
ECU,11,1,12,1980
ESP,146,9,155,1980
ETH,39,2,41,1980
FIN,99,6,105,1980
FRA,98,23,121,1980
GBR,149,70,219,1980
GIN,9,0,9,1980
GRC,38,3,41,1980
GTM,10,0,10,1980
GUY,7,1,8,1980
HRV,136,28,164,1980
HUN,182,81,263,1980
IND,56,16,72,1980
IRL,44,3,47,1980
IRQ,43,0,43,1980
ISL,9,0,9,1980
ITA,121,38,159,1980
JAM,11,7,18,1980
JOR,4,0,4,1980
KWT,56,0,56,1980
LAO,17,2,19,1980
LBN,15,0,15,1980
LBY,27,2,29,1980
LKA,4,0,4,1980
LSO,5,0,5,1980
LUX,3,0,3,1980
MDG,8,3,11,1980
MEX,36,9,45,1980
MLI,6,1,7,1980
MLT,7,1,8,1980
MMR,2,0,2,1980
MNG,39,4,43,1980
MOZ,12,2,14,1980
NGA,38,6,44,1980
NIC,3,2,5,1980
NLD,57,18,75,1980
NPL,10,0,10,1980
NZL,4,0,4,1980
PER,14,14,28,1980
POL,232,74,306,1980
PRI,3,0,3,1980
PRK,39,8,47,1980
PRT,10,1,11,1980
ROU,156,70,226,1980
RUS,340,149,489,1980
SEN,30,2,32,1980
SLE,12,2,14,1980
SMR,16,0,16,1980
SWE,122,23,145,1980
SYC,9,2,11,1980
SYR,65,2,67,1980
TTO,9,0,9,1980
UGA,13,0,13,1980
VEN,37,0,37,1980
VNM,22,8,30,1980
ZMB,37,0,37,1980
ZWE,23,19,42,1980
AND,2,0,2,1984
ARE,7,0,7,1984
ARG,71,10,81,1984
ATG,13,9,22,1984
AUS,169,73,242,1984
AUT,71,31,102,1984
BEL,47,16,63,1984
BEN,3,0,3,1984
BGD,1,0,1,1984
BHS,17,5,22,1984
BLZ,11,0,11,1984
BMU,11,1,12,1984
BOL,10,1,11,1984
BRA,126,21,147,1984
BRB,13,3,16,1984
BRN,10,0,10,1984
BTN,3,3,6,1984
BWA,7,0,7,1984
CAF,3,0,3,1984
CAN,257,151,408,1984
CHE,102,27,129,1984
CHN,182,85,267,1984
CIV,14,1,15,1984
CMR,42,4,46,1984
COD,7,1,8,1984
COG,8,1,9,1984
COL,36,3,39,1984
CRI,27,1,28,1984
CYM,7,1,8,1984
CYP,10,0,10,1984
DEU,267,123,390,1984
DJI,3,0,3,1984
DNK,49,11,60,1984
DOM,15,4,19,1984
DZA,33,0,33,1984
ECU,10,1,11,1984
EGY,108,6,114,1984
ESP,163,16,179,1984
FIN,73,13,86,1984
FJI,11,3,14,1984
FRA,189,49,238,1984
GAB,2,2,4,1984
GBR,229,108,337,1984
GHA,14,7,21,1984
GIN,1,0,1,1984
GMB,6,4,10,1984
GNQ,4,0,4,1984
GRC,59,4,63,1984
GRD,5,1,6,1984
GTM,20,4,24,1984
GUY,8,2,10,1984
HKG,36,11,47,1984
HND,7,3,10,1984
HRV,105,34,139,1984
HTI,1,2,3,1984
IDN,13,3,16,1984
IND,42,6,48,1984
IRL,28,14,42,1984
IRQ,23,0,23,1984
ISL,27,3,30,1984
ISR,24,8,32,1984
ITA,222,46,268,1984
JAM,31,14,45,1984
JOR,12,1,13,1984
JPN,174,52,226,1984
KEN,56,5,61,1984
KOR,116,59,175,1984
KWT,23,0,23,1984
LBN,21,1,22,1984
LBR,6,1,7,1984
LIE,5,2,7,1984
LKA,4,0,4,1984
LSO,4,0,4,1984
LUX,4,1,5,1984
MAR,33,1,34,1984
MCO,8,0,8,1984
MDG,5,0,5,1984
MEX,77,22,99,1984
MLI,4,0,4,1984
MLT,5,2,7,1984
MMR,1,0,1,1984
MOZ,8,1,9,1984
MRT,2,0,2,1984
MUS,3,1,4,1984
MWI,15,0,15,1984
MYS,20,1,21,1984
NER,4,0,4,1984
NGA,30,2,32,1984
NIC,5,0,5,1984
NLD,82,54,136,1984
NOR,84,19,103,1984
NPL,10,0,10,1984
NZL,98,32,130,1984
OMN,16,0,16,1984
PAK,31,0,31,1984
PAN,7,1,8,1984
PER,19,16,35,1984
PHL,15,4,19,1984
PNG,4,3,7,1984
PRI,43,8,51,1984
PRT,29,9,38,1984
PRY,14,0,14,1984
QAT,24,0,24,1984
ROU,71,53,124,1984
RWA,2,1,3,1984
SAU,37,0,37,1984
SDN,7,0,7,1984
SEN,23,1,24,1984
SGP,5,0,5,1984
SLB,3,0,3,1984
SLE,6,1,7,1984
SLV,9,1,10,1984
SMR,18,1,19,1984
SOM,7,0,7,1984
SUR,5,0,5,1984
SWE,131,43,174,1984
SWZ,8,0,8,1984
SYC,8,1,9,1984
SYR,9,0,9,1984
TCD,3,0,3,1984
TGO,6,0,6,1984
THA,25,10,35,1984
TON,7,0,7,1984
TTO,11,5,16,1984
TUN,22,1,23,1984
TUR,45,1,46,1984
TWN,31,7,38,1984
TZA,16,2,18,1984
UGA,24,2,26,1984
URY,17,1,18,1984
USA,339,183,522,1984
VEN,25,1,26,1984
VGB,9,0,9,1984
VIR,26,3,29,1984
WSM,8,0,8,1984
YEM,2,0,2,1984
ZMB,16,0,16,1984
ZWE,12,3,15,1984
ABW,4,4,8,1988
AFG,5,0,5,1988
AGO,19,5,24,1988
AND,3,0,3,1988
ARE,12,0,12,1988
ARG,93,25,118,1988
ASM,6,0,6,1988
ATG,14,4,18,1988
AUS,180,72,252,1988
AUT,66,7,73,1988
BEL,35,24,59,1988
BEN,6,1,7,1988
BFA,5,1,6,1988
BGD,6,0,6,1988
BGR,104,68,172,1988
BHS,12,4,16,1988
BLZ,10,0,10,1988
BMU,11,1,12,1988
BOL,6,1,7,1988
BRA,127,33,160,1988
BRB,16,1,17,1988
BRN,7,0,7,1988
BTN,3,0,3,1988
BWA,8,0,8,1988
CAF,15,0,15,1988
CAN,223,105,328,1988
CHE,72,27,99,1988
CHN,165,125,290,1988
CIV,11,17,28,1988
CMR,13,2,15,1988
COD,13,2,15,1988
COG,5,2,7,1988
COK,6,1,7,1988
COL,34,6,40,1988
CRI,9,7,16,1988
CYM,7,1,8,1988
CYP,7,2,9,1988
CZE,110,53,163,1988
DEU,401,205,606,1988
DJI,6,0,6,1988
DNK,67,21,88,1988
DOM,15,1,16,1988
DZA,40,2,42,1988
ECU,10,3,13,1988
EGY,48,1,49,1988
ESP,200,29,229,1988
FIN,59,19,78,1988
FJI,19,4,23,1988
FRA,192,74,266,1988
GAB,1,1,2,1988
GBR,219,126,345,1988
GHA,10,6,16,1988
GIN,6,0,6,1988
GMB,5,1,6,1988
GNQ,4,2,6,1988
GRC,44,12,56,1988
GRD,4,2,6,1988
GTM,25,3,28,1988
GUY,7,1,8,1988
HKG,38,10,48,1988
HND,7,1,8,1988
HRV,117,38,155,1988
HTI,3,1,4,1988
HUN,152,36,188,1988
IDN,23,6,29,1988
IND,39,7,46,1988
IRL,52,9,61,1988
IRN,23,0,23,1988
IRQ,27,0,27,1988
ISL,28,4,32,1988
ISR,14,4,18,1988
ITA,212,41,253,1988
JAM,24,11,35,1988
JOR,5,2,7,1988
JPN,186,69,255,1988
KEN,70,4,74,1988
KOR,269,132,401,1988
KWT,25,0,25,1988
LAO,2,1,3,1988
LBN,19,2,21,1988
LBR,7,1,8,1988
LBY,6,0,6,1988
LIE,9,3,12,1988
LKA,4,2,6,1988
LSO,6,0,6,1988
LUX,5,3,8,1988
MAR,24,3,27,1988
MCO,8,1,9,1988
MDV,7,0,7,1988
MEX,66,17,83,1988
MLI,5,1,6,1988
MLT,5,1,6,1988
MMR,0,2,2,1988
MNG,24,4,28,1988
MOZ,6,2,8,1988
MRT,6,0,6,1988
MUS,6,2,8,1988
MWI,16,0,16,1988
MYS,5,4,9,1988
NER,6,0,6,1988
NGA,61,8,69,1988
NLD,93,54,147,1988
NOR,44,25,69,1988
NPL,13,3,16,1988
NZL,67,16,83,1988
OMN,8,0,8,1988
PAK,30,0,30,1988
PAN,6,0,6,1988
PER,7,14,21,1988
PHL,26,5,31,1988
PNG,9,2,11,1988
POL,111,32,143,1988
PRI,44,3,47,1988
PRT,55,10,65,1988
PRY,10,0,10,1988
QAT,10,0,10,1988
ROU,32,36,68,1988
RUS,319,162,481,1988
RWA,3,3,6,1988
SAU,9,0,9,1988
SDN,8,0,8,1988
SEN,22,1,23,1988
SGP,7,1,8,1988
SLB,4,0,4,1988
SLE,11,1,12,1988
SLV,5,1,6,1988
SMR,11,0,11,1988
SOM,5,0,5,1988
SUR,4,2,6,1988
SWE,148,37,185,1988
SWZ,11,0,11,1988
SYR,13,0,13,1988
TCD,20,5,25,1988
TGO,6,0,6,1988
THA,12,2,14,1988
TON,4,1,5,1988
TTO,4,2,6,1988
TUN,39,2,41,1988
TUR,36,5,41,1988
TWN,43,18,61,1988
UGA,20,4,24,1988
URY,14,1,15,1988
USA,332,195,527,1988
VCT,5,1,6,1988
VEN,15,2,17,1988
VGB,3,0,3,1988
VIR,19,3,22,1988
VNM,8,1,9,1988
VUT,3,1,4,1988
WSM,11,0,11,1988
YEM,13,0,13,1988
ZMB,29,0,29,1988
ZWE,23,6,29,1988
ABW,4,1,5,1992
AGO,25,3,28,1992
ALB,5,2,7,1992
AND,7,1,8,1992
ARE,13,0,13,1992
ARG,67,17,84,1992
ASM,3,0,3,1992
ATG,12,5,17,1992
AUS,187,92,279,1992
AUT,71,31,102,1992
BEL,43,25,68,1992
BEN,4,2,6,1992
BGD,5,1,6,1992
BGR,87,51,138,1992
BHS,12,2,14,1992
BIH,6,4,10,1992
BLZ,9,1,10,1992
BMU,14,6,20,1992
BOL,8,5,13,1992
BRA,132,50,182,1992
BRB,16,1,17,1992
BRN,10,0,10,1992
BTN,3,3,6,1992
BWA,6,0,6,1992
CAF,13,2,15,1992
CAN,179,116,295,1992
CHE,73,29,102,1992
CHL,9,3,12,1992
CHN,117,127,244,1992
CIV,8,5,13,1992
CMR,3,5,8,1992
COD,15,2,17,1992
COG,6,1,7,1992
COK,2,0,2,1992
COL,46,3,49,1992
CRI,11,5,16,1992
CUB,126,50,176,1992
CYM,10,0,10,1992
CYP,13,4,17,1992
CZE,146,62,208,1992
DEU,300,163,463,1992
DJI,8,0,8,1992
DNK,86,33,119,1992
DOM,30,2,32,1992
DZA,33,2,35,1992
ECU,6,7,13,1992
EGY,72,3,75,1992
ESP,297,125,422,1992
EST,33,4,37,1992
ETH,28,12,40,1992
FIN,60,28,88,1992
FRA,241,98,339,1992
GAB,4,1,5,1992
GBR,229,142,371,1992
GHA,32,2,34,1992
GIN,6,2,8,1992
GMB,5,0,5,1992
GNQ,5,2,7,1992
GRC,56,14,70,1992
GRD,3,1,4,1992
GTM,12,2,14,1992
GUY,5,1,6,1992
HKG,28,10,38,1992
HND,7,3,10,1992
HRV,36,3,39,1992
HTI,7,0,7,1992
HUN,159,58,217,1992
IDN,27,15,42,1992
IND,46,6,52,1992
IRL,49,9,58,1992
IRN,36,0,36,1992
IRQ,8,0,8,1992
ISL,24,3,27,1992
ISR,25,5,30,1992
ITA,228,76,304,1992
JAM,22,14,36,1992
JOR,3,1,4,1992
JPN,175,81,256,1992
KEN,40,9,49,1992
KOR,154,72,226,1992
KWT,32,0,32,1992
LAO,6,0,6,1992
LBN,12,0,12,1992
LBY,5,0,5,1992
LIE,4,3,7,1992
LKA,5,6,11,1992
LSO,5,1,6,1992
LTU,36,11,47,1992
LUX,5,1,6,1992
LVA,25,9,34,1992
MAR,43,1,44,1992
MDG,8,5,13,1992
MDV,6,1,7,1992
MEX,76,26,102,1992
MLI,3,2,5,1992
MLT,3,3,6,1992
MMR,5,3,8,1992
MNG,28,7,35,1992
MOZ,3,3,6,1992
MRT,6,0,6,1992
MUS,6,7,13,1992
MWI,3,1,4,1992
MYS,26,0,26,1992
NAM,5,1,6,1992
NER,3,0,3,1992
NGA,32,23,55,1992
NIC,7,1,8,1992
NLD,117,84,201,1992
NOR,51,32,83,1992
NPL,1,1,2,1992
NZL,92,42,134,1992
OMN,5,0,5,1992
PAK,27,0,27,1992
PAN,5,0,5,1992
PER,12,4,16,1992
PHL,24,2,26,1992
PNG,12,1,13,1992
POL,149,52,201,1992
PRI,65,6,71,1992
PRK,36,28,64,1992
PRT,68,22,90,1992
PRY,24,3,27,1992
QAT,28,0,28,1992
ROU,105,68,173,1992
RWA,7,3,10,1992
SAU,9,0,9,1992
SDN,74,25,99,1992
SEN,18,2,20,1992
SGP,11,3,14,1992
SLB,1,0,1,1992
SLE,9,2,11,1992
SLV,3,1,4,1992
SMR,16,1,17,1992
SUR,5,1,6,1992
SVN,29,6,35,1992
SWE,143,44,187,1992
SWZ,6,0,6,1992
SYC,10,1,11,1992
SYR,7,1,8,1992
TCD,21,7,28,1992
TGO,6,0,6,1992
THA,23,23,46,1992
TON,5,0,5,1992
TTO,7,0,7,1992
TUN,11,2,13,1992
TUR,36,5,41,1992
TWN,23,8,31,1992
UGA,6,2,8,1992
URY,16,0,16,1992
USA,355,190,545,1992
VCT,4,2,6,1992
VEN,22,4,26,1992
VGB,4,0,4,1992
VIR,20,5,25,1992
VNM,2,5,7,1992
VUT,4,2,6,1992
WSM,5,0,5,1992
YEM,8,0,8,1992
ZMB,8,1,9,1992
ZWE,10,9,19,1992
ABW,3,0,3,1996
AFG,2,0,2,1996
AGO,13,15,28,1996
ALB,3,4,7,1996
AND,6,2,8,1996
ARE,4,0,4,1996
ARG,132,47,179,1996
ARM,30,2,32,1996
ASM,6,1,7,1996
ATG,14,5,19,1996
AUS,250,167,417,1996
AUT,56,16,72,1996
AZE,20,3,23,1996
BDI,6,1,7,1996
BEL,42,20,62,1996
BEN,4,1,5,1996
BGD,3,1,4,1996
BGR,75,36,111,1996
BHR,19,7,26,1996
BIH,7,2,9,1996
BLR,91,66,157,1996
BLZ,2,3,5,1996
BMU,7,2,9,1996
BOL,6,2,8,1996
BRA,156,65,221,1996
BRB,11,2,13,1996
BRN,5,0,5,1996
BTN,1,1,2,1996
BWA,7,0,7,1996
CAF,3,2,5,1996
CAN,152,151,303,1996
CHE,72,43,115,1996
CHN,127,188,315,1996
CIV,10,1,11,1996
CMR,14,6,20,1996
COD,2,12,14,1996
COG,3,2,5,1996
COK,2,1,3,1996
COL,39,9,48,1996
COM,3,1,4,1996
CPV,2,1,3,1996
CRI,6,5,11,1996
CUB,111,53,164,1996
CYM,8,1,9,1996
CYP,15,2,17,1996
CZE,76,39,115,1996
DEU,279,187,466,1996
DJI,5,0,5,1996
DMA,4,2,6,1996
DNK,54,65,119,1996
DOM,12,4,16,1996
DZA,39,6,45,1996
ECU,17,2,19,1996
EGY,27,2,29,1996
ESP,194,95,289,1996
EST,35,8,43,1996
ETH,10,8,18,1996
FIN,47,29,76,1996
FJI,14,3,17,1996
FRA,197,102,299,1996
GAB,6,1,7,1996
GBR,184,116,300,1996
GEO,27,7,34,1996
GHA,33,2,35,1996
GIN,4,1,5,1996
GMB,8,1,9,1996
GNB,3,0,3,1996
GNQ,4,1,5,1996
GRC,87,34,121,1996
GRD,5,0,5,1996
GTM,25,1,26,1996
GUY,6,1,7,1996
HKG,14,9,23,1996
HND,4,3,7,1996
HRV,75,9,84,1996
HTI,7,0,7,1996
HUN,147,66,213,1996
IDN,23,17,40,1996
IND,40,9,49,1996
IRL,62,16,78,1996
IRN,17,1,18,1996
IRQ,3,0,3,1996
ISL,5,4,9,1996
ISR,18,7,25,1996
ITA,236,104,340,1996
JAM,27,19,46,1996
JOR,3,2,5,1996
JPN,157,149,306,1996
KAZ,72,24,96,1996
KEN,42,10,52,1996
KGZ,26,7,33,1996
KNA,4,6,10,1996
KOR,190,113,303,1996
KWT,25,0,25,1996
LAO,4,1,5,1996
LBN,0,1,1,1996
LBR,4,1,5,1996
LBY,5,0,5,1996
LCA,5,1,6,1996
LIE,0,2,2,1996
LKA,5,4,9,1996
LSO,5,4,9,1996
LTU,45,16,61,1996
LUX,2,4,6,1996
LVA,34,13,47,1996
MAR,32,2,34,1996
MDA,35,5,40,1996
MDG,4,7,11,1996
MDV,5,1,6,1996
MEX,71,27,98,1996
MKD,8,3,11,1996
MLI,1,2,3,1996
MLT,4,3,7,1996
MMR,5,3,8,1996
MNG,14,5,19,1996
MOZ,2,1,3,1996
MRT,4,0,4,1996
MUS,21,5,26,1996
MWI,2,0,2,1996
MYS,32,3,35,1996
NAM,6,2,8,1996
NER,2,1,3,1996
NGA,49,16,65,1996
NIC,25,1,26,1996
NLD,137,102,239,1996
NOR,42,55,97,1996
NPL,3,3,6,1996
NRU,3,0,3,1996
NZL,66,29,95,1996
OMN,4,0,4,1996
PAK,23,1,24,1996
PAN,5,2,7,1996
PER,15,14,29,1996
PHL,8,4,12,1996
PNG,11,0,11,1996
POL,126,39,165,1996
PRI,47,22,69,1996
PRK,15,9,24,1996
PRT,83,24,107,1996
PRY,6,1,7,1996
QAT,12,0,12,1996
ROU,98,67,165,1996
RUS,232,158,390,1996
RWA,4,0,4,1996
SAU,29,0,29,1996
SDN,4,0,4,1996
SEN,11,0,11,1996
SGP,9,5,14,1996
SLB,3,1,4,1996
SLE,10,4,14,1996
SLV,6,2,8,1996
SMR,6,1,7,1996
SOM,4,0,4,1996
SRB,59,9,68,1996
STP,1,1,2,1996
SUR,5,2,7,1996
SVK,58,13,71,1996
SVN,25,12,37,1996
SWE,111,66,177,1996
SWZ,5,1,6,1996
SYC,8,1,9,1996
SYR,6,1,7,1996
TCD,9,3,12,1996
TGO,5,0,5,1996
THA,25,12,37,1996
TJK,6,2,8,1996
TKM,4,3,7,1996
TON,4,1,5,1996
TTO,8,4,12,1996
TUN,45,6,51,1996
TUR,44,9,53,1996
TWN,32,42,74,1996
TZA,6,1,7,1996
UGA,7,3,10,1996
UKR,146,85,231,1996
URY,12,2,14,1996
USA,375,273,648,1996
UZB,63,8,71,1996
VCT,7,1,8,1996
VEN,34,5,39,1996
VGB,7,0,7,1996
VIR,6,6,12,1996
VNM,3,3,6,1996
VUT,3,1,4,1996
WSM,4,1,5,1996
YEM,4,0,4,1996
ZAF,64,20,84,1996
ZMB,7,1,8,1996
ZWE,12,1,13,1996
ABW,3,2,5,2000
AGO,15,15,30,2000
ALB,2,2,4,2000
AND,3,2,5,2000
ARE,4,0,4,2000
ARG,98,45,143,2000
ARM,23,2,25,2000
ASM,3,1,4,2000
ATG,8,2,10,2000
AUS,341,276,617,2000
AUT,55,37,92,2000
AZE,25,6,31,2000
BDI,5,1,6,2000
BEL,38,32,70,2000
BEN,3,1,4,2000
BGD,2,3,5,2000
BGR,53,40,93,2000
BHS,16,9,25,2000
BIH,7,2,9,2000
BLR,72,67,139,2000
BLZ,1,1,2,2000
BMU,4,2,6,2000
BOL,3,2,5,2000
BRA,106,92,198,2000
BRB,12,6,18,2000
BRN,2,2,4,2000
BTN,1,1,2,2000
BWA,7,0,7,2000
CAF,1,2,3,2000
CAN,150,144,294,2000
CHE,64,38,102,2000
CHN,134,187,321,2000
CIV,7,7,14,2000
CMR,27,11,38,2000
COD,1,1,2,2000
COG,3,2,5,2000
COK,1,1,2,2000
COL,25,19,44,2000
COM,1,1,2,2000
CPV,1,1,2,2000
CRI,5,2,7,2000
CUB,147,82,229,2000
CYM,1,2,3,2000
CYP,17,5,22,2000
CZE,86,33,119,2000
DEU,241,181,422,2000
DJI,1,1,2,2000
DMA,2,2,4,2000
DNK,53,44,97,2000
DOM,11,2,13,2000
DZA,37,10,47,2000
ECU,7,3,10,2000
EGY,74,15,89,2000
ERI,2,1,3,2000
ESP,216,105,321,2000
EST,31,2,33,2000
ETH,15,11,26,2000
FIN,40,30,70,2000
FJI,4,3,7,2000
FRA,211,125,336,2000
FSM,3,2,5,2000
GAB,3,2,5,2000
GBR,181,129,310,2000
GEO,27,9,36,2000
GHA,16,6,22,2000
GIN,3,3,6,2000
GMB,1,1,2,2000
GNB,2,1,3,2000
GNQ,2,2,4,2000
GRC,82,58,140,2000
GRD,2,1,3,2000
GTM,14,1,15,2000
GUY,3,1,4,2000
HKG,19,12,31,2000
HND,18,2,20,2000
HRV,63,25,88,2000
HTI,3,2,5,2000
HUN,109,69,178,2000
IDN,27,20,47,2000
IND,44,21,65,2000
IRL,40,24,64,2000
IRN,32,1,33,2000
IRQ,2,2,4,2000
ISL,9,9,18,2000
ISR,29,10,39,2000
ITA,246,115,361,2000
JAM,22,26,48,2000
JOR,4,4,8,2000
JPN,156,110,266,2000
KAZ,86,44,130,2000
KEN,34,22,56,2000
KGZ,35,13,48,2000
KNA,1,1,2,2000
KOR,175,106,281,2000
KWT,29,0,29,2000
LAO,2,1,3,2000
LBN,4,2,6,2000
LBR,6,2,8,2000
LBY,3,0,3,2000
LCA,3,2,5,2000
LIE,1,1,2,2000
LKA,9,9,18,2000
LSO,4,2,6,2000
LTU,40,21,61,2000
LUX,2,5,7,2000
LVA,30,15,45,2000
MAR,46,9,55,2000
MDA,29,5,34,2000
MDG,5,6,11,2000
MDV,2,2,4,2000
MEX,52,26,78,2000
MKD,6,4,10,2000
MLI,3,2,5,2000
MLT,4,3,7,2000
MMR,4,7,11,2000
MNG,15,9,24,2000
MOZ,2,2,4,2000
MRT,1,1,2,2000
MUS,16,4,20,2000
MWI,1,1,2,2000
MYS,32,8,40,2000
NAM,9,2,11,2000
NER,2,2,4,2000
NGA,44,39,83,2000
NIC,4,2,6,2000
NLD,147,84,231,2000
NOR,44,49,93,2000
NPL,2,3,5,2000
NRU,1,1,2,2000
NZL,77,70,147,2000
OMN,6,0,6,2000
PAK,26,1,27,2000
PAN,4,2,6,2000
PER,8,13,21,2000
PHL,11,9,20,2000
PLW,2,3,5,2000
PNG,2,3,5,2000
POL,129,58,187,2000
PRI,23,6,29,2000
PRK,14,17,31,2000
PRT,48,13,61,2000
PRY,2,3,5,2000
QAT,17,0,17,2000
ROU,71,74,145,2000
RUS,241,194,435,2000
RWA,3,2,5,2000
SAU,18,0,18,2000
SDN,2,1,3,2000
SEN,7,19,26,2000
SGP,8,6,14,2000
SLB,1,1,2,2000
SLE,2,1,3,2000
SLV,4,4,8,2000
SMR,3,1,4,2000
SOM,1,1,2,2000
SRB,92,17,109,2000
STP,1,1,2,2000
SUR,2,2,4,2000
SVK,81,27,108,2000
SVN,55,19,74,2000
SWE,98,52,150,2000
SWZ,4,2,6,2000
SYC,6,3,9,2000
SYR,6,2,8,2000
TCD,6,3,9,2000
TGO,2,1,3,2000
THA,34,18,52,2000
TJK,2,2,4,2000
TKM,4,4,8,2000
TON,2,1,3,2000
TTO,14,5,19,2000
TUN,40,7,47,2000
TUR,42,15,57,2000
TWN,21,34,55,2000
TZA,3,1,4,2000
UGA,9,4,13,2000
UKR,139,91,230,2000
URY,12,3,15,2000
USA,333,253,586,2000
UZB,52,18,70,2000
VCT,2,2,4,2000
VEN,36,14,50,2000
VGB,1,0,1,2000
VIR,6,3,9,2000
VNM,3,4,7,2000
VUT,2,1,3,2000
WSM,4,1,5,2000
YEM,1,1,2,2000
ZAF,89,38,127,2000
ZMB,6,2,8,2000
ZWE,11,5,16,2000
ABW,3,1,4,2004
AFG,3,2,5,2004
AGO,14,16,30,2004
ALB,5,2,7,2004
AND,4,2,6,2004
ARE,4,0,4,2004
ARG,106,46,152,2004
ARM,16,2,18,2004
ASM,2,1,3,2004
ATG,6,2,8,2004
AUS,268,202,470,2004
AUT,54,20,74,2004
AZE,30,6,36,2004
BDI,5,2,7,2004
BEL,32,19,51,2004
BEN,2,2,4,2004
BGD,3,1,4,2004
BGR,51,47,98,2004
BHS,13,9,22,2004
BIH,7,2,9,2004
BLR,82,69,151,2004
BLZ,1,1,2,2004
BMU,5,5,10,2004
BOL,4,3,7,2004
BRA,124,119,243,2004
BRB,9,1,10,2004
BRN,7,3,10,2004
BTN,1,1,2,2004
BWA,10,1,11,2004
CAF,2,2,4,2004
CAN,130,132,262,2004
CHE,59,39,98,2004
CHN,152,253,405,2004
CIV,2,3,5,2004
CMR,12,9,21,2004
COD,3,1,4,2004
COG,2,3,5,2004
COK,2,1,3,2004
COL,32,21,53,2004
COM,2,1,3,2004
CPV,2,1,3,2004
CRI,17,3,20,2004
CUB,97,54,151,2004
CYM,3,2,5,2004
CYP,13,7,20,2004
CZE,80,62,142,2004
DEU,250,191,441,2004
DMA,1,1,2,2004
DNK,48,44,92,2004
DOM,17,16,33,2004
DZA,46,15,61,2004
ECU,11,5,16,2004
EGY,81,16,97,2004
ERI,3,1,4,2004
ESP,177,139,316,2004
EST,31,11,42,2004
ETH,14,12,26,2004
FIN,36,17,53,2004
FJI,4,4,8,2004
FRA,195,113,308,2004
FSM,3,2,5,2004
GAB,3,2,5,2004
GBR,161,103,264,2004
GEO,26,6,32,2004
GHA,23,3,26,2004
GIN,2,1,3,2004
GMB,1,1,2,2004
GNB,1,2,3,2004
GNQ,1,1,2,2004
GRC,215,211,426,2004
GRD,3,2,5,2004
GTM,11,7,18,2004
GUY,2,2,4,2004
HKG,14,18,32,2004
HND,3,2,5,2004
HRV,66,15,81,2004
HTI,7,1,8,2004
HUN,119,90,209,2004
IDN,22,16,38,2004
IND,48,25,73,2004
IRL,32,14,46,2004
IRN,36,1,37,2004
IRQ,23,1,24,2004
ISL,21,5,26,2004
ISR,20,16,36,2004
ITA,229,135,364,2004
JAM,22,25,47,2004
JOR,4,4,8,2004
JPN,139,167,306,2004
KAZ,71,43,114,2004
KEN,22,24,46,2004
KGZ,22,7,29,2004
KIR,2,1,3,2004
KNA,1,1,2,2004
KOR,145,119,264,2004
KWT,10,1,11,2004
LAO,3,2,5,2004
LBN,3,2,5,2004
LBR,1,1,2,2004
LBY,6,2,8,2004
LCA,1,1,2,2004
LIE,1,0,1,2004
LKA,4,3,7,2004
LSO,1,2,3,2004
LTU,47,12,59,2004
LUX,6,4,10,2004
LVA,22,10,32,2004
MAR,47,8,55,2004
MDA,26,7,33,2004
MDG,3,5,8,2004
MDV,2,2,4,2004
MEX,59,50,109,2004
MKD,7,3,10,2004
MLI,19,2,21,2004
MLT,4,3,7,2004
MMR,3,4,7,2004
MNG,15,8,23,2004
MOZ,2,2,4,2004
MRT,1,1,2,2004
MUS,6,3,9,2004
MWI,2,2,4,2004
MYS,18,8,26,2004
NAM,7,1,8,2004
NER,3,1,4,2004
NGA,24,46,70,2004
NIC,2,3,5,2004
NLD,134,76,210,2004
NOR,35,17,52,2004
NPL,3,3,6,2004
NRU,2,1,3,2004
NZL,81,67,148,2004
OMN,2,0,2,2004
PAK,24,2,26,2004
PAN,3,1,4,2004
PER,7,5,12,2004
PHL,12,4,16,2004
PLW,2,2,4,2004
PNG,2,2,4,2004
POL,132,62,194,2004
PRI,32,11,43,2004
PRK,13,23,36,2004
PRT,64,17,81,2004
PRY,20,2,22,2004
QAT,15,0,15,2004
ROU,50,58,108,2004
RUS,244,202,446,2004
RWA,3,2,5,2004
SAU,16,0,16,2004
SDN,69,41,110,2004
SEN,6,9,15,2004
SGP,6,10,16,2004
SLB,1,1,2,2004
SLE,1,1,2,2004
SLV,2,5,7,2004
SMR,4,1,5,2004
SOM,1,1,2,2004
SRB,78,7,85,2004
STP,1,1,2,2004
SUR,2,2,4,2004
SVK,48,16,64,2004
SVN,56,23,79,2004
SWE,62,53,115,2004
SWZ,2,1,3,2004
SYC,7,2,9,2004
SYR,5,1,6,2004
TCD,3,2,5,2004
TGO,2,1,3,2004
THA,24,18,42,2004
TJK,5,4,9,2004
TKM,6,3,9,2004
TLS,1,1,2,2004
TON,4,1,5,2004
TTO,10,9,19,2004
TUN,44,10,54,2004
TUR,44,20,64,2004
TWN,49,39,88,2004
TZA,6,2,8,2004
UGA,9,2,11,2004
UKR,124,115,239,2004
URY,13,2,15,2004
USA,279,254,533,2004
UZB,51,18,69,2004
VCT,2,1,3,2004
VEN,33,15,48,2004
VGB,1,0,1,2004
VIR,5,1,6,2004
VNM,6,5,11,2004
VUT,1,1,2,2004
WSM,2,1,3,2004
YEM,3,0,3,2004
ZMB,4,2,6,2004
ZWE,9,3,12,2004
ABW,2,0,2,2008
AFG,3,1,4,2008
AGO,17,15,32,2008
ALB,7,4,11,2008
AND,3,2,5,2008
ARE,6,2,8,2008
ARG,79,53,132,2008
ARM,23,2,25,2008
ASM,2,2,4,2008
ATG,7,1,8,2008
AUS,233,199,432,2008
AUT,40,30,70,2008
AZE,30,14,44,2008
BDI,1,2,3,2008
BEL,77,17,94,2008
BEN,3,2,5,2008
BGD,3,2,5,2008
BGR,45,29,74,2008
BHS,16,9,25,2008
BIH,4,1,5,2008
BLR,93,84,177,2008
BLZ,3,1,4,2008
BMU,2,4,6,2008
BOL,4,3,7,2008
BRA,139,129,268,2008
BRB,7,1,8,2008
BRN,11,3,14,2008
BTN,1,1,2,2008
BWA,9,2,11,2008
CAF,2,1,3,2008
CAN,186,146,332,2008
CHE,47,36,83,2008
CHN,330,295,625,2008
CIV,19,2,21,2008
CMR,27,9,36,2008
COD,4,1,5,2008
COG,3,2,5,2008
COK,3,1,4,2008
COL,43,24,67,2008
COM,2,1,3,2008
CPV,1,1,2,2008
CRI,6,2,8,2008
CUB,102,56,158,2008
CYM,3,1,4,2008
CYP,7,10,17,2008
CZE,75,59,134,2008
DEU,237,183,420,2008
DJI,1,1,2,2008
DMA,2,0,2,2008
DNK,71,22,93,2008
DOM,18,6,24,2008
DZA,34,22,56,2008
ECU,17,8,25,2008
EGY,74,26,100,2008
ERI,8,2,10,2008
ESP,163,120,283,2008
EST,34,13,47,2008
ETH,14,13,27,2008
FIN,31,26,57,2008
FJI,4,2,6,2008
FRA,188,121,309,2008
FSM,3,2,5,2008
GAB,2,2,4,2008
GBR,163,141,304,2008
GEO,27,8,35,2008
GHA,8,1,9,2008
GIN,2,3,5,2008
GMB,2,1,3,2008
GNB,2,1,3,2008
GNQ,2,1,3,2008
GRC,82,70,152,2008
GRD,4,5,9,2008
GTM,9,3,12,2008
GUY,2,2,4,2008
HKG,17,17,34,2008
HND,23,2,25,2008
HRV,80,19,99,2008
HTI,3,4,7,2008
HUN,88,83,171,2008
IDN,15,9,24,2008
IND,31,22,53,2008
IRL,39,16,55,2008
IRN,51,3,54,2008
IRQ,3,1,4,2008
ISL,20,7,27,2008
ISR,23,20,43,2008
ITA,203,130,333,2008
JAM,23,27,50,2008
JOR,3,4,7,2008
JPN,167,165,332,2008
KAZ,60,70,130,2008
KEN,28,18,46,2008
KGZ,16,4,20,2008
KIR,2,0,2,2008
KNA,1,3,4,2008
KOR,159,106,265,2008
KWT,8,0,8,2008
LAO,2,2,4,2008
LBN,4,2,6,2008
LBR,2,1,3,2008
LBY,4,2,6,2008
LCA,1,3,4,2008
LIE,2,0,2,2008
LKA,4,4,8,2008
LSO,4,1,5,2008
LTU,44,27,71,2008
LUX,9,4,13,2008
LVA,29,18,47,2008
MAR,36,11,47,2008
MDA,21,8,29,2008
MDG,4,2,6,2008
MDV,2,2,4,2008
MEX,43,40,83,2008
MHL,3,2,5,2008
MKD,5,2,7,2008
MLI,3,14,17,2008
MLT,3,3,6,2008
MMR,7,5,12,2008
MNE,17,2,19,2008
MNG,18,15,33,2008
MOZ,2,2,4,2008
MRT,1,1,2,2008
MUS,6,5,11,2008
MWI,2,2,4,2008
MYS,18,14,32,2008
NAM,6,4,10,2008
NER,2,2,4,2008
NGA,37,37,74,2008
NIC,3,3,6,2008
NLD,139,98,237,2008
NOR,30,54,84,2008
NPL,4,4,8,2008
NRU,1,0,1,2008
NZL,96,82,178,2008
OMN,3,1,4,2008
PAK,19,2,21,2008
PAN,3,2,5,2008
PER,7,6,13,2008
PHL,10,5,15,2008
PLW,3,2,5,2008
PNG,3,4,7,2008
POL,156,101,257,2008
PRI,17,5,22,2008
PRK,21,37,58,2008
PRT,51,26,77,2008
PRY,3,4,7,2008
QAT,20,0,20,2008
ROU,40,61,101,2008
RUS,231,223,454,2008
RWA,2,2,4,2008
SAU,14,0,14,2008
SDN,5,4,9,2008
SEN,8,7,15,2008
SGP,11,14,25,2008
SLB,1,2,3,2008
SLE,2,1,3,2008
SLV,4,7,11,2008
SMR,2,2,4,2008
SOM,1,1,2,2008
SRB,63,24,87,2008
STP,2,1,3,2008
SUR,2,2,4,2008
SVK,35,22,57,2008
SVN,40,21,61,2008
SWE,50,73,123,2008
SWZ,2,2,4,2008
SYC,6,3,9,2008
SYR,6,1,7,2008
TCD,5,3,8,2008
TGO,3,1,4,2008
THA,22,25,47,2008
TJK,12,3,15,2008
TKM,6,4,10,2008
TLS,0,1,1,2008
TON,2,1,3,2008
TTO,17,11,28,2008
TUN,14,12,26,2008
TUR,48,19,67,2008
TUV,2,1,3,2008
TWN,43,36,79,2008
UGA,9,2,11,2008
UKR,127,116,243,2008
URY,9,3,12,2008
USA,306,282,588,2008
UZB,41,15,56,2008
VCT,1,1,2,2008
VEN,57,51,108,2008
VGB,1,1,2,2008
VIR,6,1,7,2008
VNM,7,6,13,2008
VUT,1,2,3,2008
WSM,4,2,6,2008
YEM,4,1,5,2008
ZAF,75,59,134,2008
ZMB,6,2,8,2008
ZWE,8,5,13,2008
ABW,3,1,4,2012
AFG,5,1,6,2012
AGO,4,29,33,2012
ALB,6,3,9,2012
AND,4,2,6,2012
ARE,24,2,26,2012
ARG,97,40,137,2012
ARM,20,4,24,2012
ASM,3,1,4,2012
ATG,2,2,4,2012
AUS,221,184,405,2012
AUT,39,31,70,2012
AZE,38,14,52,2012
BDI,2,4,6,2012
BEL,71,43,114,2012
BEN,4,1,5,2012
BFA,2,3,5,2012
BGD,4,1,5,2012
BGR,40,28,68,2012
BHS,12,9,21,2012
BIH,4,2,6,2012
BLR,89,71,160,2012
BLZ,2,1,3,2012
BMU,5,3,8,2012
BOL,3,2,5,2012
BRA,131,117,248,2012
BRB,6,0,6,2012
BRN,4,8,12,2012
BTN,0,2,2,2012
BWA,3,1,4,2012
CAF,3,3,6,2012
CAN,119,154,273,2012
CHE,70,28,98,2012
CHN,181,230,411,2012
CIV,4,5,9,2012
CMR,13,25,38,2012
COD,3,1,4,2012
COG,4,3,7,2012
COK,3,5,8,2012
COL,45,56,101,2012
COM,1,2,3,2012
CPV,1,2,3,2012
CRI,8,3,11,2012
CUB,65,44,109,2012
CYM,4,0,4,2012
CYP,9,4,13,2012
CZE,68,65,133,2012
DEU,212,171,383,2012
DJI,2,2,4,2012
DMA,1,1,2,2012
DNK,70,50,120,2012
DOM,13,20,33,2012
DZA,21,17,38,2012
ECU,23,13,36,2012
EGY,75,34,109,2012
ERI,11,1,12,2012
ESP,168,110,278,2012
EST,23,9,32,2012
ETH,18,15,33,2012
FIN,29,27,56,2012
FJI,6,3,9,2012
FRA,182,142,324,2012
FSM,4,2,6,2012
GAB,19,2,21,2012
GBR,273,257,530,2012
GEO,28,6,34,2012
GHA,5,2,7,2012
GIN,2,2,4,2012
GMB,1,1,2,2012
GNB,2,2,4,2012
GNQ,1,1,2,2012
GRC,65,37,102,2012
GRD,5,3,8,2012
GTM,12,7,19,2012
GUY,4,2,6,2012
HKG,21,20,41,2012
HND,22,3,25,2012
HRV,64,43,107,2012
HTI,3,2,5,2012
HUN,93,59,152,2012
IDN,13,9,22,2012
IND,58,23,81,2012
IRL,36,28,64,2012
IRN,44,8,52,2012
IRQ,5,3,8,2012
ISL,21,6,27,2012
ISR,19,18,37,2012
ITA,158,123,281,2012
JAM,23,22,45,2012
JOR,5,4,9,2012
JPN,136,155,291,2012
KAZ,73,40,113,2012
KEN,27,20,47,2012
KGZ,11,3,14,2012
KIR,2,1,3,2012
KNA,4,0,4,2012
KOR,135,115,250,2012
KWT,8,2,10,2012
LAO,2,1,3,2012
LBN,3,7,10,2012
LBR,1,2,3,2012
LBY,3,1,4,2012
LCA,1,3,4,2012
LIE,1,2,3,2012
LKA,4,3,7,2012
LSO,2,2,4,2012
LTU,39,23,62,2012
LUX,5,4,9,2012
LVA,31,14,45,2012
MAR,46,17,63,2012
MDA,12,8,20,2012
MDG,3,4,7,2012
MDV,3,2,5,2012
MEX,62,37,99,2012
MHL,2,2,4,2012
MKD,2,2,4,2012
MLI,4,2,6,2012
MLT,3,2,5,2012
MMR,3,3,6,2012
MNE,18,15,33,2012
MNG,21,14,35,2012
MOZ,4,2,6,2012
MRT,1,1,2,2012
MUS,4,7,11,2012
MWI,1,2,3,2012
MYS,16,13,29,2012
NAM,5,4,9,2012
NER,4,2,6,2012
NGA,30,19,49,2012
NIC,3,3,6,2012
NLD,94,79,173,2012
NOR,33,28,61,2012
NPL,2,3,5,2012
NRU,2,0,2,2012
NZL,96,82,178,2012
OMN,2,1,3,2012
PAK,19,2,21,2012
PAN,6,2,8,2012
PER,9,7,16,2012
PHL,7,4,11,2012
PLW,2,3,5,2012
PNG,4,4,8,2012
POL,124,86,210,2012
PRI,19,6,25,2012
PRK,15,37,52,2012
PRT,44,32,76,2012
PRY,4,4,8,2012
QAT,8,4,12,2012
ROU,55,50,105,2012
RUS,203,226,429,2012
RWA,5,2,7,2012
SAU,16,2,18,2012
SDN,72,58,130,2012
SEN,24,7,31,2012
SGP,8,15,23,2012
SLB,2,2,4,2012
SLE,1,1,2,2012
SLV,5,5,10,2012
SMR,1,3,4,2012
SOM,1,1,2,2012
SRB,80,36,116,2012
STP,1,1,2,2012
SUR,3,2,5,2012
SVK,26,21,47,2012
SVN,28,37,65,2012
SWE,55,78,133,2012
SWZ,2,1,3,2012
SYC,4,2,6,2012
SYR,6,4,10,2012
TCD,5,5,10,2012
TGO,4,2,6,2012
THA,19,18,37,2012
TJK,13,3,16,2012
TKM,7,3,10,2012
TLS,1,1,2,2012
TON,2,1,3,2012
TTO,18,7,25,2012
TUN,63,20,83,2012
TUR,48,64,112,2012
TUV,2,1,3,2012
TWN,19,25,44,2012
UGA,11,4,15,2012
UKR,119,111,230,2012
URY,24,3,27,2012
USA,262,268,530,2012
UZB,36,17,53,2012
VCT,2,1,3,2012
VEN,42,26,68,2012
VGB,1,1,2,2012
VIR,4,3,7,2012
VNM,6,12,18,2012
VUT,3,2,5,2012
WSM,5,3,8,2012
YEM,3,1,4,2012
ZMB,5,2,7,2012
ZWE,4,3,7,2012
ABW,3,4,7,2016
AFG,2,1,3,2016
AGO,8,18,26,2016
ALB,3,3,6,2016
AND,2,2,4,2016
ARE,9,3,12,2016
ARG,140,75,215,2016
ARM,24,7,31,2016
ASM,3,1,4,2016
ATG,6,2,8,2016
AUS,208,212,420,2016
AUT,37,34,71,2016
AZE,42,14,56,2016
BDI,5,4,9,2016
BEL,72,35,107,2016
BEN,4,2,6,2016
BGD,4,3,7,2016
BGR,33,23,56,2016
BHS,17,12,29,2016
BIH,7,4,11,2016
BLR,53,67,120,2016
BLZ,2,1,3,2016
BMU,4,4,8,2016
BOL,6,6,12,2016
BRA,255,207,462,2016
BRB,7,4,11,2016
BRN,20,13,33,2016
BTN,0,2,2,2016
BWA,9,3,12,2016
CAF,3,3,6,2016
CAN,127,183,310,2016
CHE,57,45,102,2016
CHN,176,258,434,2016
CIV,5,7,12,2016
CMR,7,21,28,2016
COD,2,2,4,2016
COG,7,3,10,2016
COK,4,5,9,2016
COL,73,70,143,2016
COM,2,2,4,2016
CPV,2,3,5,2016
CRI,6,5,11,2016
CUB,83,34,117,2016
CYM,3,2,5,2016
CYP,9,6,15,2016
CZE,62,42,104,2016
DEU,224,194,418,2016
DJI,6,1,7,2016
DMA,1,1,2,2016
DNK,83,43,126,2016
DOM,18,8,26,2016
DZA,54,10,64,2016
ECU,22,15,37,2016
EGY,84,37,121,2016
ERI,11,1,12,2016
ESP,164,143,307,2016
EST,28,18,46,2016
ETH,17,20,37,2016
FIN,26,28,54,2016
FJI,36,17,53,2016
FRA,225,167,392,2016
FSM,2,3,5,2016
GAB,4,2,6,2016
GBR,201,159,360,2016
GEO,30,10,40,2016
GHA,7,6,13,2016
GIN,2,3,5,2016
GMB,3,1,4,2016
GNB,3,2,5,2016
GNQ,1,0,1,2016
GRC,56,36,92,2016
GRD,5,2,7,2016
GTM,15,6,21,2016
GUY,3,3,6,2016
HKG,15,22,37,2016
HND,22,1,23,2016
HRV,66,19,85,2016
HTI,7,3,10,2016
HUN,88,66,154,2016
IDN,17,11,28,2016
IND,61,51,112,2016
IRL,50,26,76,2016
IRN,54,9,63,2016
IRQ,20,0,20,2016
ISL,3,5,8,2016
ISR,22,25,47,2016
ITA,168,141,309,2016
JAM,25,31,56,2016
JOR,7,1,8,2016
JPN,171,164,335,2016
KAZ,55,46,101,2016
KEN,46,33,79,2016
KGZ,12,7,19,2016
KIR,2,1,3,2016
KNA,5,1,6,2016
KOR,103,104,207,2016
KOS,3,5,8,2016
LAO,4,2,6,2016
LBN,4,5,9,2016
LBR,1,1,2,2016
LBY,6,1,7,2016
LCA,2,3,5,2016
LIE,1,2,3,2016
LKA,7,2,9,2016
LSO,7,1,8,2016
LTU,48,19,67,2016
LUX,5,5,10,2016
LVA,19,13,32,2016
MAR,29,19,48,2016
MDA,14,9,23,2016
MDG,2,4,6,2016
MDV,2,2,4,2016
MEX,79,44,123,2016
MHL,2,3,5,2016
MKD,2,4,6,2016
MLI,4,2,6,2016
MLT,4,3,7,2016
MMR,7,5,12,2016
MNE,17,18,35,2016
MNG,29,17,46,2016
MOZ,5,1,6,2016
MRT,1,1,2,2016
MUS,5,6,11,2016
MWI,3,2,5,2016
MYS,17,15,32,2016
NAM,4,6,10,2016
NER,4,2,6,2016
NGA,47,24,71,2016
NIC,3,2,5,2016
NLD,105,132,237,2016
NOR,29,33,62,2016
NPL,3,4,7,2016
NRU,2,0,2,2016
NZL,98,97,195,2016
OMN,2,2,4,2016
PAK,4,3,7,2016
PAN,4,6,10,2016
PER,17,12,29,2016
PHL,7,6,13,2016
PLW,3,2,5,2016
PNG,6,2,8,2016
POL,139,95,234,2016
PRI,13,27,40,2016
PRK,11,20,31,2016
PRT,61,29,90,2016
PRY,6,5,11,2016
QAT,35,2,37,2016
ROU,34,61,95,2016
RUS,142,142,284,2016
RWA,4,3,7,2016
SAU,7,3,10,2016
SDN,97,44,141,2016
SEN,6,16,22,2016
SGP,9,16,25,2016
SLB,1,2,3,2016
SLE,2,2,4,2016
SLV,5,3,8,2016
SMR,2,2,4,2016
SOM,1,1,2,2016
SRB,58,45,103,2016
SSD,2,1,3,2016
STP,2,1,3,2016
SUR,4,2,6,2016
SVK,32,19,51,2016
SVN,39,24,63,2016
SWE,64,86,150,2016
SWZ,1,1,2,2016
SYC,8,2,10,2016
SYR,4,3,7,2016
TCD,4,3,7,2016
TGO,2,3,5,2016
THA,26,28,54,2016
TJK,5,2,7,2016
TKM,4,5,9,2016
TLS,1,2,3,2016
TON,4,3,7,2016
TTO,18,10,28,2016
TUN,41,20,61,2016
TUR,53,47,100,2016
TUV,1,0,1,2016
TWN,26,29,55,2016
UGA,14,7,21,2016
UKR,87,117,204,2016
URY,12,5,17,2016
USA,264,291,555,2016
UZB,47,23,70,2016
VCT,2,2,4,2016
VEN,61,24,85,2016
VGB,1,3,4,2016
VIR,5,2,7,2016
VNM,10,12,22,2016
VUT,4,0,4,2016
WSM,5,3,8,2016
YEM,2,1,3,2016
ZMB,5,2,7,2016
ZWE,9,21,30,2016
